-0.000000000000000000e+00
1.929154733214147655e+00
2.155473067797117892e-01
-4.242301617864718821e-01
1.124438843455095594e-01
2.232881940457730252e+00
4.440561420950302818e+00
5.843758426136586692e+00
6.419194027312244089e+00
4.656310090048748407e+00
4.458630745916138949e+00
2.750569683578817148e+00
6.010847844347040336e-01
2.198855467144395170e+00
1.103404489469653527e+00
1.225898834118027025e+00
-6.921393187872393327e-02
2.892172434937833714e+00
8.559459588679487752e-01
-4.771453591279168904e-01
9.592866254159275741e-01
2.686056790938414096e+00
3.642497653659479084e+00
1.345173086152811948e+00
-1.273854702280800666e+00
1.594100378707140386e+00
5.849476497442083200e-01
2.389137839809603037e+00
1.437962864196038026e+00
6.585228173551485042e-01
-2.061621035853899997e+00
-1.669221693853238264e+00
-2.803518185607956070e+00
-1.733373040282742750e+00
2.424425654407045272e-01
7.487738942230492967e-01
2.652828612507818207e+00
3.436596267510196867e-01
-1.528756007279326923e+00
-9.731529096694657710e-02
1.356392139008960385e+00
1.308722288560019820e+00
-4.302945080255753396e-01
1.318206487204847122e-01
1.046755309244986165e+00
5.390366132842814295e-01
-2.397274967579932081e+00
-2.871434543901955294e+00
-2.487526561013950754e+00
-9.409906513918855353e-01
1.786758298779631104e+00
4.837658525824565459e+00
3.349116808707577775e+00
2.033898178350739272e+00
-1.799157778017956844e-01
-2.113662176530226589e+00
-3.445228735778727014e-01
2.994683136193998507e-01
-1.091906545806438089e-01
-4.974316175317170519e-01
-3.133117058773279950e+00
4.707625635205658909e-03
-1.898121387232549750e-01
-2.573194409720485964e+00
-2.693610021349769568e+00
-2.476986476098659296e+00
-3.242079619006005942e+00
-2.015979998760542458e+00
2.409832909002886936e-01
2.425623062384602235e+00
3.461422138444731900e+00
2.178416592941402996e+00
2.177247987993837341e+00
-1.951742671893441639e-01
4.523744661182576010e-01
4.183693271326092145e-01
-1.869543377775642057e+00
-4.635163958793810934e+00
-5.536886606740722527e+00
-7.225473015907198260e+00
-4.685855083224282680e+00
-4.445695418641889773e+00
-6.101070729112876734e+00
-6.584295612759660798e+00
-7.716516604651701527e+00
-9.255889588808599910e+00
-1.219247091411222073e+01
-1.332409272922359378e+01
-1.528663407517558426e+01
-1.240867875856397973e+01
-1.260857873428125231e+01
-1.481235763748725276e+01
-1.344964530123127133e+01
-1.626919727051702580e+01
-1.725945342097352864e+01
-1.730149648453345890e+01
-1.745472079307194235e+01
-1.802407113257746119e+01
-2.007577788806963781e+01
-1.833777179209505448e+01
-1.616595331215978604e+01
-1.422596409936920736e+01
-1.632367739391119699e+01
-1.513694526915455185e+01
-1.804901844285186030e+01
-1.818865188699882651e+01
-1.911465126581083496e+01
-2.180434253122616894e+01
-2.418478181547273920e+01
-2.591128996434164833e+01
-2.755173709559232975e+01
-2.568195227055463192e+01
-2.711539749380597186e+01
-2.734677298668916023e+01
-2.895511982905662762e+01
-2.644423722724865655e+01
-2.718029910006011107e+01
-2.898380905313945277e+01
-2.745707452683703309e+01
-2.986729001558876462e+01
-2.837905805526381187e+01
-3.081028632041125093e+01
-2.898176337929817237e+01
-2.973419298818283352e+01
-3.123865295731367553e+01
-2.836446372543161942e+01
-2.807382997366499922e+01
-2.629784097833558576e+01
-2.573906341482033611e+01
-2.425852932961430497e+01
-2.159917400820538091e+01
-2.366719390157365410e+01
-2.548876578926213199e+01
-2.548364368864554308e+01
-2.650984617535732468e+01
-2.595686268102926419e+01
-2.682109118102664524e+01
-2.484274251010026546e+01
-2.327913967137089912e+01
-2.019657518265262297e+01
-1.853384756609949591e+01
-1.715532219215305076e+01
-1.985251705812851242e+01
-1.978302381508080998e+01
-1.877991174354575321e+01
-2.151680980313619784e+01
-2.028332998971475831e+01
-2.243810468787621915e+01
-1.935283948876104887e+01
-1.970592123498875026e+01
-2.078581303074822983e+01
-2.279373153442577404e+01
-2.474598386798493266e+01
-2.458256705055592306e+01
-2.537842506435993073e+01
-2.734362301086534330e+01
-2.521095668047138361e+01
-2.620842109100965445e+01
-2.832701284218967430e+01
-2.563950048978628615e+01
-2.458134737829391270e+01
-2.204395540654127217e+01
-2.076256402968701309e+01
-2.042256853113272541e+01
-2.076650342545019612e+01
-2.176825546213825646e+01
-2.154565839478722467e+01
-2.250677450115375677e+01
-2.502503387657912981e+01
-2.709353311396986896e+01
-2.927125722131495422e+01
-2.754215666841814425e+01
-2.807893258616047660e+01
-2.794794348307686960e+01
-2.897683334808510836e+01
-2.730182696742622284e+01
-2.658664379646646125e+01
-2.806248916408301852e+01
-2.720897083851124876e+01
-2.718993497995148800e+01
-2.995925605451884621e+01
-3.191275212950159812e+01
-2.989105570212572616e+01
-2.733316082373403333e+01
-2.464679527601390419e+01
-2.600728118546044243e+01
-2.675201084147857955e+01
-2.464460860787443153e+01
-2.362801910238624714e+01
-2.217223143122407691e+01
-2.170553503993986055e+01
-2.242964194779739273e+01
-2.482864406145040448e+01
-2.456810719942779997e+01
-2.574625204259223210e+01
-2.300429982695970921e+01
-2.503676211488385661e+01
-2.725510611962525331e+01
-2.826129631648382201e+01
-2.613857349497487803e+01
-2.765625341069655008e+01
-2.616825488148349166e+01
-2.521539356561152090e+01
-2.510426251993467872e+01
-2.213227073451523097e+01
-2.379160577229727380e+01
-2.323034275476430821e+01
-2.505166340792833068e+01
-2.402024976775000198e+01
-2.482279775021471835e+01
-2.413041838761199642e+01
-2.718414823286383353e+01
-2.552748593088699636e+01
-2.761791381635963560e+01
-2.747404001967049680e+01
-2.800425823006136739e+01
-2.972338033741431218e+01
-2.981696450986623859e+01
-2.710702115460304640e+01
-2.618601920234956992e+01
-2.824514655577939948e+01
-3.077399502124137598e+01
-3.349811346479290819e+01
-3.428552299913206980e+01
-3.134249623546196517e+01
-2.828296846504079554e+01
-2.586996880176238278e+01
-2.780461610587452981e+01
-3.038308618944795114e+01
-3.268370883584816511e+01
-3.060980602875594059e+01
-2.763192149726995694e+01
-2.533606717267150543e+01
-2.698306586358015124e+01
-2.548562531151821986e+01
-2.393849742471115860e+01
-2.420438443145292240e+01
-2.448078625776582840e+01
-2.694742355368748576e+01
-2.409806573837911969e+01
-2.669467174500223905e+01
-2.645744571986796245e+01
-2.464851432502763373e+01
-2.665583262715068713e+01
-2.907032050253255306e+01
-2.616753271307402429e+01
-2.336396078953521283e+01
-2.458218468676903967e+01
-2.578379660268106477e+01
-2.309968982279298189e+01
-2.149905771400040067e+01
-2.290904775345862276e+01
-2.476954550960225276e+01
-2.295115332455685575e+01
-1.981506066632104535e+01
-2.078439060639985314e+01
-2.338052173057207028e+01
-2.136024416115924396e+01
-1.979710886080107457e+01
-1.885181408732046293e+01
-1.998014717046135047e+01
-1.805024491691250432e+01
-1.970952007731062849e+01
-1.934175824891752882e+01
-1.631773293014822457e+01
-1.403150375295334129e+01
-1.220785028132556249e+01
-1.503027439095299655e+01
-1.383356386694437390e+01
-1.563051795470806837e+01
-1.477961853101163570e+01
-1.325195878647764403e+01
-1.518403205522247390e+01
-1.392701762712505342e+01
-1.187074081290288063e+01
-1.307655636643445973e+01
-1.490071513476777909e+01
-1.379563633307651571e+01
-1.504696811305126403e+01
-1.695351578142714288e+01
-1.565562533663168665e+01
-1.566700284316641500e+01
-1.280451373683234806e+01
-1.451439566895831490e+01
-1.227965670347381888e+01
-1.378065495021166953e+01
-1.613828483560280347e+01
-1.881614702228671376e+01
-2.190812038194474098e+01
-2.188408090113776439e+01
-2.198737994878572977e+01
-2.151156483062879943e+01
-2.448000200339924959e+01
-2.305501661948090941e+01
-2.440263053463928600e+01
-2.717974152343299465e+01
-2.521312756963868651e+01
-2.835380688771849123e+01
-2.903657364685290787e+01
-3.031446536537845304e+01
-3.072387011595552053e+01
-3.267346994447615316e+01
-3.391892940047114280e+01
-3.445818089173511112e+01
-3.357579366702992729e+01
-3.130904311431010001e+01
-3.213039477786115583e+01
-3.268875778157250522e+01
-3.302844787866040122e+01
-3.478117492775587039e+01
-3.458127769729242118e+01
-3.180905514857488470e+01
-3.318740286553321539e+01
-3.592042394116722903e+01
-3.716941939029626951e+01
-4.019800259232420103e+01
-4.205551100151501487e+01
-4.466887394350649743e+01
-4.359064170763483048e+01
-4.557173864746238223e+01
-4.813494766445074902e+01
-5.016245766371528703e+01
-4.773948736845207463e+01
-4.530299989182317688e+01
-4.703745288324702756e+01
-4.939650579249854445e+01
-4.854744025504366789e+01
-4.675767127709079318e+01
-4.502545966481351769e+01
-4.563705854527088945e+01
-4.851929595893457758e+01
