0.000000000000000000e+00
1.903995547566971758e-01
3.807991095133943515e-01
5.711986642700914718e-01
7.615982190267887031e-01
9.519977737834858234e-01
1.142397328540182944e+00
1.332796883296880175e+00
1.523196438053577406e+00
1.713595992810274415e+00
1.903995547566971647e+00
2.094395102323668656e+00
2.284794657080365887e+00
2.475194211837063119e+00
2.665593766593760350e+00
2.855993321350457581e+00
3.046392876107154812e+00
3.236792430863852044e+00
3.427191985620548831e+00
3.617591540377246506e+00
3.807991095133943293e+00
3.998390649890640969e+00
4.188790204647337312e+00
4.379189759404034099e+00
4.569589314160731774e+00
4.759988868917428562e+00
4.950388423674126237e+00
5.140787978430823024e+00
5.331187533187520700e+00
5.521587087944217487e+00
5.711986642700915162e+00
5.902386197457611949e+00
6.092785752214309625e+00
6.283185306971006412e+00
6.473584861727704087e+00
6.663984416484400874e+00
6.854383971241097662e+00
7.044783525997795337e+00
7.235183080754493012e+00
7.425582635511188911e+00
7.615982190267886587e+00
7.806381745024584262e+00
7.996781299781281938e+00
8.187180854537977837e+00
8.377580409294674624e+00
8.567979964051373187e+00
8.758379518808068198e+00
8.948779073564766762e+00
9.139178628321463549e+00
9.329578183078160336e+00
9.519977737834857123e+00
9.710377292591555687e+00
9.900776847348252474e+00
1.009117640210494926e+01
1.028157595686164605e+01
1.047197551161834461e+01
1.066237506637504140e+01
1.085277462113173819e+01
1.104317417588843497e+01
1.123357373064513176e+01
1.142397328540183032e+01
1.161437284015852711e+01
1.180477239491522390e+01
1.199517194967192069e+01
1.218557150442861925e+01
1.237597105918531604e+01
1.256637061394201282e+01
1.275677016869870961e+01
1.294716972345540817e+01
1.313756927821210496e+01
1.332796883296880175e+01
1.351836838772549676e+01
1.370876794248219532e+01
1.389916749723889211e+01
1.408956705199559067e+01
1.427996660675228746e+01
1.447036616150898602e+01
1.466076571626568281e+01
1.485116527102237782e+01
1.504156482577907461e+01
1.523196438053577317e+01
1.542236393529246996e+01
1.561276349004916852e+01
1.580316304480586531e+01
1.599356259956256388e+01
1.618396215431925711e+01
1.637436170907595567e+01
1.656476126383265424e+01
1.675516081858934925e+01
1.694556037334604781e+01
1.713595992810274637e+01
1.732635948285944139e+01
1.751675903761613640e+01
1.770715859237283496e+01
1.789755814712953352e+01
1.808795770188623209e+01
1.827835725664292710e+01
1.846875681139962566e+01
1.865915636615632067e+01
1.884955592091301924e+01
1.903995547566971425e+01
1.923035503042641281e+01
1.942075458518311137e+01
1.961115413993980994e+01
1.980155369469650495e+01
1.999195324945319996e+01
2.018235280420989852e+01
2.037275235896659709e+01
2.056315191372329210e+01
2.075355146847999066e+01
2.094395102323668922e+01
2.113435057799338779e+01
2.132475013275008280e+01
2.151514968750677781e+01
2.170554924226347637e+01
2.189594879702017494e+01
2.208634835177686995e+01
2.227674790653356851e+01
2.246714746129026352e+01
2.265754701604696209e+01
2.284794657080366065e+01
2.303834612556035566e+01
2.322874568031705422e+01
2.341914523507375279e+01
2.360954478983044780e+01
2.379994434458714281e+01
2.399034389934384137e+01
2.418074345410053994e+01
2.437114300885723850e+01
2.456154256361393351e+01
2.475194211837063207e+01
2.494234167312733064e+01
2.513274122788402565e+01
2.532314078264072421e+01
2.551354033739741922e+01
2.570393989215411423e+01
2.589433944691081635e+01
2.608473900166750781e+01
2.627513855642420992e+01
2.646553811118090493e+01
2.665593766593760350e+01
2.684633722069429851e+01
2.703673677545099352e+01
2.722713633020769564e+01
2.741753588496439065e+01
2.760793543972108921e+01
2.779833499447778422e+01
2.798873454923448634e+01
2.817913410399118135e+01
2.836953365874787636e+01
2.855993321350457492e+01
2.875033276826126993e+01
2.894073232301797205e+01
2.913113187777466351e+01
2.932153143253136562e+01
2.951193098728806063e+01
2.970233054204475565e+01
2.989273009680145421e+01
3.008312965155814922e+01
3.027352920631485134e+01
3.046392876107154635e+01
3.065432831582824491e+01
3.084472787058493992e+01
3.103512742534163493e+01
3.122552698009833705e+01
3.141592653485503206e+01
3.160632608961173062e+01
3.179672564436842563e+01
3.198712519912512775e+01
3.217752475388181921e+01
3.236792430863851422e+01
3.255832386339521634e+01
3.274872341815191135e+01
3.293912297290861346e+01
3.312952252766530847e+01
3.331992208242200348e+01
3.351032163717869850e+01
3.370072119193539351e+01
3.389112074669209562e+01
3.408152030144879063e+01
3.427191985620549275e+01
3.446231941096218776e+01
3.465271896571888277e+01
3.484311852047558489e+01
3.503351807523227279e+01
3.522391762998897491e+01
3.541431718474566992e+01
3.560471673950237204e+01
3.579511629425906705e+01
3.598551584901576206e+01
3.617591540377246417e+01
3.636631495852915918e+01
3.655671451328585420e+01
3.674711406804254921e+01
3.693751362279925132e+01
3.712791317755594633e+01
3.731831273231264134e+01
3.750871228706934346e+01
3.769911184182603847e+01
3.788951139658274059e+01
3.807991095133942849e+01
3.827031050609613061e+01
3.846071006085282562e+01
3.865110961560952063e+01
3.884150917036622275e+01
3.903190872512291776e+01
3.922230827987961987e+01
3.941270783463631489e+01
3.960310738939300990e+01
3.979350694414970491e+01
3.998390649890639992e+01
4.017430605366310203e+01
4.036470560841979704e+01
4.055510516317649916e+01
4.074550471793319417e+01
4.093590427268988918e+01
4.112630382744658419e+01
4.131670338220327920e+01
4.150710293695998132e+01
4.169750249171667633e+01
4.188790204647337845e+01
4.207830160123007346e+01
4.226870115598677558e+01
4.245910071074347059e+01
4.264950026550016560e+01
4.283989982025686061e+01
4.303029937501355562e+01
4.322069892977025773e+01
4.341109848452695275e+01
4.360149803928365486e+01
4.379189759404034987e+01
4.398229714879704488e+01
4.417269670355373989e+01
4.436309625831043491e+01
4.455349581306713702e+01
4.474389536782383203e+01
4.493429492258052704e+01
4.512469447733722916e+01
4.531509403209392417e+01
4.550549358685062629e+01
4.569589314160732130e+01
4.588629269636401631e+01
4.607669225112071132e+01
4.626709180587740633e+01
4.645749136063410845e+01
4.664789091539080346e+01
4.683829047014750557e+01
4.702869002490420058e+01
4.721908957966089559e+01
4.740948913441759061e+01
4.759988868917428562e+01
4.779028824393098773e+01
4.798068779868768274e+01
4.817108735344438486e+01
4.836148690820107987e+01
4.855188646295778199e+01
4.874228601771447700e+01
4.893268557247117201e+01
4.912308512722786702e+01
4.931348468198456203e+01
4.950388423674126415e+01
4.969428379149795916e+01
4.988468334625466127e+01
5.007508290101135628e+01
5.026548245576805130e+01
5.045588201052474631e+01
5.064628156528144842e+01
5.083668112003814343e+01
5.102708067479483844e+01
5.121748022955153345e+01
5.140787978430822847e+01
5.159827933906493769e+01
5.178867889382163270e+01
5.197907844857832771e+01
5.216947800333501561e+01
5.235987755809172484e+01
5.255027711284841985e+01
5.274067666760511486e+01
5.293107622236180987e+01
5.312147577711850488e+01
5.331187533187520700e+01
5.350227488663190201e+01
5.369267444138859702e+01
5.388307399614529203e+01
5.407347355090198704e+01
5.426387310565869626e+01
5.445427266041539127e+01
5.464467221517208628e+01
5.483507176992878129e+01
5.502547132468548341e+01
5.521587087944217842e+01
5.540627043419887343e+01
5.559666998895556844e+01
5.578706954371226345e+01
5.597746909846897267e+01
5.616786865322566769e+01
5.635826820798236270e+01
5.654866776273905771e+01
5.673906731749575272e+01
5.692946687225245483e+01
5.711986642700914985e+01
5.731026598176584486e+01
5.750066553652253987e+01
5.769106509127924909e+01
5.788146464603594410e+01
5.807186420079263911e+01
5.826226375554932702e+01
5.845266331030602203e+01
5.864306286506273125e+01
5.883346241981942626e+01
5.902386197457612127e+01
5.921426152933281628e+01
5.940466108408951129e+01
5.959506063884621341e+01
5.978546019360290842e+01
5.997585974835960343e+01
6.016625930311629844e+01
6.035665885787299345e+01
6.054705841262970267e+01
6.073745796738639768e+01
6.092785752214309269e+01
6.111825707689978771e+01
6.130865663165648982e+01
6.149905618641318483e+01
6.168945574116987984e+01
6.187985529592657485e+01
6.207025485068326986e+01
6.226065440543997909e+01
6.245105396019667410e+01
6.264145351495336911e+01
6.283185306971006412e+01
