5.020352392874411152e+01
7.656472773387818620e+00
1.634971344679624039e+01
1.853698791440367089e+01
2.101589290712258062e+01
2.018723742302550761e+01
2.650178436681238026e+01
3.213795088181925053e+01
2.479425631577800360e+01
1.919146629742947496e+01
2.172278579368640195e+01
2.061014608828284267e+01
2.699579451048709444e+01
2.009758443109116754e+01
1.892907407973634548e+01
1.555669621477006537e+01
2.562360189252030906e+01
1.923228254300710205e+01
1.816504583886419866e+01
1.990428795380535121e+01
2.054230582638847125e+01
2.364796530551356213e+01
3.392100338724488040e+01
4.579623573787202417e+00
1.979840051586144511e+01
1.197873675997085208e+01
1.365859616419367306e+01
1.657080867115864464e+01
2.045900293858911922e+01
1.803541467978856616e+01
1.510175431245510502e+01
1.565021611148066150e+01
1.458906700781303911e+01
1.787177934035311466e+01
1.572429065747747323e+01
1.981957508097180920e+01
1.679308375814449406e+01
2.634621225848666981e+01
2.012438636211697585e+01
2.542516376087392338e+00
1.676372631454165685e+01
6.840409728432929271e+00
8.853897822403261841e+00
1.349954262585358933e+01
1.841181953655316761e+01
1.695095306388320466e+01
9.266195339032174516e+00
1.544467943857869585e+01
9.891275049123853691e+00
1.703374970647868381e+01
1.453898247860682247e+01
1.331813740976103944e+01
6.565032935408705583e+00
2.040551802749249788e+01
1.036661999978109527e+01
4.584155523056960391e+00
1.631456864187934030e+01
3.544244516443797011e+00
7.732633163901072137e+00
1.327773379600781389e+01
2.243432828609289231e+01
-3.547333371500865251e+00
-6.751123782771989434e-01
1.441992284409634273e+01
6.955046575579773460e+00
1.931382320443121614e+01
1.329985621671675844e+01
5.846748430682035647e+00
2.359902898208371180e+00
1.704146842333856071e+01
4.385852359197813577e+00
6.430175422950819453e+00
1.852566111969511553e+01
1.423995363966652938e+00
1.134358617915489198e+01
1.634130949119172627e+01
2.432004304354185109e+01
-7.853384851085865925e+00
7.209852675830497049e+00
1.395772957617644749e+01
4.192932229427423607e+00
2.487958408696025003e+01
1.172100844375722062e+01
7.875613501539835415e-01
4.060414104605015728e-01
2.067746757270479918e+01
-3.964920341454553632e-01
9.126647993267637204e+00
2.754882098998510287e+01
2.854320671081572169e-01
4.245524309097069293e-02
2.932084837243962383e+01
1.068493291915328314e+01
-4.097687575214755462e+00
-1.620988153137827403e+00
1.321953541795371656e+01
2.145349367299618226e+00
2.018283640762776088e+01
1.047085383658577662e+01
-2.207793879507292001e+00
1.075948686616811534e+00
1.754973128032455421e+01
-5.077242149663929283e+00
1.330978514867228846e+01
2.202865716686813968e+01
5.732006898484544311e-02
-7.354253314722020818e+00
1.750722524858376872e+01
3.722941550404974542e+00
-2.125808943259373418e+00
-1.861907690561606543e+01
1.323538778281815453e+01
5.422978112042922128e-01
1.645302975120549860e+01
9.553814331330720222e+00
-3.804061203662142177e+00
3.521050191912917349e+00
7.314333053805743390e+00
-5.998070224453161181e+00
2.025010071666655875e+01
1.353609745662142316e+01
7.224657445556972313e-01
-1.093545354780322398e+01
1.118116871204497897e+01
-1.015404892112487634e+00
5.062444281855832395e-01
-2.343770047769949016e+01
1.269392797915765492e+01
4.416192122470538606e-02
1.091140196008484509e+01
9.100971824099687524e+00
-4.634457462224574442e+00
2.910835702813827641e+00
2.155345896353844992e+00
-1.923661542458065643e+00
1.659682918120903850e+01
9.430010313819092715e+00
2.469000030206649932e+00
-1.267558805483214712e+01
8.086100928898021678e+00
-3.635512473787872345e+00
5.366244530984538130e+00
-1.327284100539410261e+01
1.088518526110121343e+01
8.156792667718373302e-01
4.799419753654696308e+00
9.218342265579877903e+00
-4.770431236819193899e+00
-1.018298762850402106e+00
-1.054889814708207085e+00
4.012207799125092067e-01
1.140743498790480359e+01
7.316978813494374734e+00
5.957347367987009257e+00
-1.383716700596997029e+01
5.438832074735703515e+00
-4.808967972115726575e+00
1.169922215849283909e+01
-1.038612389830494820e+01
7.770394236216759509e+00
2.577893876031108533e+00
2.013146609056458425e-01
9.657589058559032935e+00
-4.412834360089510355e+00
-4.319230665091334131e+00
-1.925549894537723183e+00
1.708940412937091091e+00
8.774662205456113639e+00
6.726437117429621360e+00
1.356739819899515531e+01
-1.402096077615845005e+01
1.885599826089918940e+00
-5.460516477306281757e+00
3.809619108910968777e+00
-9.504267564731588180e+00
4.307182613884689815e+00
4.143158169195445772e+00
-3.056657826674485712e+00
1.006292748608687759e+01
-3.765531439524379298e+00
-6.961432681105074849e+00
-5.495393994071938737e-01
2.607280203545480735e+00
7.411162318361419921e+00
7.718325994865860018e+00
1.875095213145015904e+01
-1.336442153269523558e+01
-1.785036473615294383e+00
-4.798126573140445217e+00
-1.521172954221811979e+00
-7.969490788066869058e+00
5.129094540327705509e-01
4.764269807553811908e+00
-4.769718556912873275e+00
1.147394213169731003e+01
-3.072106220984082814e+00
-9.612822574353080185e+00
3.116971110967356573e+00
3.400385338583058470e+00
6.550364056367108390e+00
1.098780739942243123e+01
8.206123323021868643e+00
-1.249856587087627879e+01
-4.911655198123630939e+00
-8.702243416384323638e+00
-4.122293059108263158e+00
-4.826262546598009351e+00
-3.356040024799045174e+00
4.769850428846852175e+00
-4.432616490808954701e+00
1.349552735730896025e+01
-2.670956343493054330e+00
-1.173898604540307211e+01
2.787102751367720899e+00
3.390572168659365282e+00
5.627193075156029067e+00
1.326117779125921281e+01
4.328846943674610870e+00
-1.083590331448082367e+01
-7.283689958205258108e+00
-2.107089756960833427e+01
-5.579065019409701343e+00
-7.952739606836577435e-01
-7.481654983437251438e+00
3.952246725292720253e+00
-2.947222857160116227e+00
2.095637405082349858e+01
-1.838725506661987863e+00
-1.233080176762153535e+01
-5.423242053207047775e+00
3.592365773432581122e+00
4.512646925123005914e+00
4.766744310980874033e+00
2.702839143047963688e+00
-7.858234453015006338e+00
-9.275253460292569585e+00
-1.732009561796597552e+01
-6.667265222109635125e+00
1.480251239005343944e+00
-9.133295496443100348e+00
2.348351799663249473e+00
-2.835652861349416298e+00
1.822505017285480733e+01
-1.013757286318884399e+00
-1.254819409428603549e+01
-1.102620593674615357e+01
4.911766850467079060e+00
3.190078653629160765e+00
-1.840619936596270767e+00
2.554831010149966719e+00
-2.750149357168202080e+00
-1.060095352587215700e+01
-1.586888992503059015e+01
-6.646300318232119864e+00
-1.294033587763008697e+00
-1.000662677029622216e+01
3.744178776095982101e-04
-1.294358784594931366e+00
8.766621642917744595e+00
3.713648672254013516e-01
-1.405618687130187006e+01
-1.433702327992776482e+01
7.102910325633377653e+00
2.269649866822090356e+00
-6.578377775153566809e+00
3.920900473448369006e+00
1.303654486806561330e+01
-1.138626727787685589e+01
-1.511395152058168634e+01
-5.703169421111891069e+00
-4.016095936912444486e+00
-1.007144419389888057e+01
-2.489006144706049639e+00
-4.041878501406248048e-01
2.861410904203396388e+00
2.031466367213863755e+00
-1.661737768662543857e+01
-1.700936891049755673e+01
1.464637290031294370e+01
2.000665892506790833e+00
-9.733969787292593878e+00
7.608444472694186445e+00
2.050463982578943689e+00
-1.154805488591575724e+01
-1.461408770514096389e+01
-5.077988696564224469e+00
-6.772999880838046494e+00
-9.064949926194858065e+00
-4.183159937184700361e+00
1.557201437847029135e+00
-9.424684911631543427e-01
3.897240361424114674e+00
-1.949997080043869602e+01
-1.786404685188663422e+01
1.055850563884916049e+01
2.784729002568390843e+00
-1.045521015775991103e+01
1.857884667799424250e+01
-4.255825680810805700e+00
-1.041699536716336638e+01
-1.550141319021310515e+01
-5.986084548215728773e+00
-7.923258416723037989e+00
-8.763047816418719549e+00
-6.167668399784917099e+00
4.033308360317215069e+00
-3.419764511001277540e+00
6.507119968812614452e+00
-1.874725016720850590e+01
-1.763590245902166842e+01
1.829598827090890056e+00
3.989608424470540537e+00
-1.044719687903318750e+01
9.385295176334963685e+00
-6.296884627491926345e+00
-8.563020944985717975e+00
-1.562883465951486883e+01
-8.598782352713742583e+00
-9.145898927168317982e+00
-1.687507942951428319e+01
-6.176604750917020326e+00
2.552569882903322096e+00
-5.263595319236411996e+00
1.098432737592125008e+01
-1.509153729172889591e+01
-1.823638548936983739e+01
-3.130717976356174770e+00
6.384338492498372375e+00
-9.578330549515483128e+00
2.617586262463944546e+00
-7.550027402508666441e+00
